2023/10/31-14:20:25.768343 7f6dcdb7da40 RocksDB version: 5.17.2
2023/10/31-14:20:25.768400 7f6dcdb7da40 Git sha rocksdb_build_git_sha:
2023/10/31-14:20:25.768401 7f6dcdb7da40 Compile date Dec 19 2018
2023/10/31-14:20:25.768406 7f6dcdb7da40 DB SUMMARY
2023/10/31-14:20:25.768425 7f6dcdb7da40 CURRENT file:  CURRENT
2023/10/31-14:20:25.768426 7f6dcdb7da40 IDENTITY file:  IDENTITY
2023/10/31-14:20:25.768428 7f6dcdb7da40 MANIFEST file:  MANIFEST-000014 size: 198 Bytes
2023/10/31-14:20:25.768430 7f6dcdb7da40 SST files in transaction-db dir, Total Num: 3, files: 000004.sst 000010.sst 000013.sst 
2023/10/31-14:20:25.768431 7f6dcdb7da40 Write Ahead Log file in transaction-db: 000015.log size: 0 ; 
2023/10/31-14:20:25.768432 7f6dcdb7da40                         Options.error_if_exists: 0
2023/10/31-14:20:25.768432 7f6dcdb7da40                       Options.create_if_missing: 1
2023/10/31-14:20:25.768433 7f6dcdb7da40                         Options.paranoid_checks: 1
2023/10/31-14:20:25.768434 7f6dcdb7da40                                     Options.env: 0x7f6dce89e300
2023/10/31-14:20:25.768434 7f6dcdb7da40                                Options.info_log: 0x1a5b770
2023/10/31-14:20:25.768435 7f6dcdb7da40                Options.max_file_opening_threads: 16
2023/10/31-14:20:25.768436 7f6dcdb7da40                              Options.statistics: (nil)
2023/10/31-14:20:25.768437 7f6dcdb7da40                               Options.use_fsync: 0
2023/10/31-14:20:25.768437 7f6dcdb7da40                       Options.max_log_file_size: 0
2023/10/31-14:20:25.768438 7f6dcdb7da40                  Options.max_manifest_file_size: 1073741824
2023/10/31-14:20:25.768439 7f6dcdb7da40                   Options.log_file_time_to_roll: 0
2023/10/31-14:20:25.768439 7f6dcdb7da40                       Options.keep_log_file_num: 1000
2023/10/31-14:20:25.768440 7f6dcdb7da40                    Options.recycle_log_file_num: 0
2023/10/31-14:20:25.768440 7f6dcdb7da40                         Options.allow_fallocate: 1
2023/10/31-14:20:25.768441 7f6dcdb7da40                        Options.allow_mmap_reads: 0
2023/10/31-14:20:25.768442 7f6dcdb7da40                       Options.allow_mmap_writes: 0
2023/10/31-14:20:25.768442 7f6dcdb7da40                        Options.use_direct_reads: 0
2023/10/31-14:20:25.768443 7f6dcdb7da40                        Options.use_direct_io_for_flush_and_compaction: 0
2023/10/31-14:20:25.768444 7f6dcdb7da40          Options.create_missing_column_families: 0
2023/10/31-14:20:25.768444 7f6dcdb7da40                              Options.db_log_dir: 
2023/10/31-14:20:25.768445 7f6dcdb7da40                                 Options.wal_dir: transaction-db
2023/10/31-14:20:25.768445 7f6dcdb7da40                Options.table_cache_numshardbits: 6
2023/10/31-14:20:25.768446 7f6dcdb7da40                      Options.max_subcompactions: 1
2023/10/31-14:20:25.768447 7f6dcdb7da40                  Options.max_background_flushes: -1
2023/10/31-14:20:25.768447 7f6dcdb7da40                         Options.WAL_ttl_seconds: 0
2023/10/31-14:20:25.768448 7f6dcdb7da40                       Options.WAL_size_limit_MB: 0
2023/10/31-14:20:25.768449 7f6dcdb7da40             Options.manifest_preallocation_size: 4194304
2023/10/31-14:20:25.768449 7f6dcdb7da40                     Options.is_fd_close_on_exec: 1
2023/10/31-14:20:25.768450 7f6dcdb7da40                   Options.advise_random_on_open: 1
2023/10/31-14:20:25.768451 7f6dcdb7da40                    Options.db_write_buffer_size: 0
2023/10/31-14:20:25.768451 7f6dcdb7da40                    Options.write_buffer_manager: 0x1a4b6d0
2023/10/31-14:20:25.768452 7f6dcdb7da40         Options.access_hint_on_compaction_start: 1
2023/10/31-14:20:25.768452 7f6dcdb7da40  Options.new_table_reader_for_compaction_inputs: 0
2023/10/31-14:20:25.768453 7f6dcdb7da40           Options.random_access_max_buffer_size: 1048576
2023/10/31-14:20:25.768454 7f6dcdb7da40                      Options.use_adaptive_mutex: 0
2023/10/31-14:20:25.768454 7f6dcdb7da40                            Options.rate_limiter: (nil)
2023/10/31-14:20:25.768455 7f6dcdb7da40     Options.sst_file_manager.rate_bytes_per_sec: 0
2023/10/31-14:20:25.768460 7f6dcdb7da40                       Options.wal_recovery_mode: 2
2023/10/31-14:20:25.768461 7f6dcdb7da40                  Options.enable_thread_tracking: 0
2023/10/31-14:20:25.768462 7f6dcdb7da40                  Options.enable_pipelined_write: 0
2023/10/31-14:20:25.768462 7f6dcdb7da40         Options.allow_concurrent_memtable_write: 1
2023/10/31-14:20:25.768463 7f6dcdb7da40      Options.enable_write_thread_adaptive_yield: 1
2023/10/31-14:20:25.768464 7f6dcdb7da40             Options.write_thread_max_yield_usec: 100
2023/10/31-14:20:25.768464 7f6dcdb7da40            Options.write_thread_slow_yield_usec: 3
2023/10/31-14:20:25.768465 7f6dcdb7da40                               Options.row_cache: None
2023/10/31-14:20:25.768465 7f6dcdb7da40                              Options.wal_filter: None
2023/10/31-14:20:25.768466 7f6dcdb7da40             Options.avoid_flush_during_recovery: 0
2023/10/31-14:20:25.768467 7f6dcdb7da40             Options.allow_ingest_behind: 0
2023/10/31-14:20:25.768467 7f6dcdb7da40             Options.preserve_deletes: 0
2023/10/31-14:20:25.768468 7f6dcdb7da40             Options.two_write_queues: 0
2023/10/31-14:20:25.768469 7f6dcdb7da40             Options.manual_wal_flush: 0
2023/10/31-14:20:25.768469 7f6dcdb7da40             Options.max_background_jobs: 2
2023/10/31-14:20:25.768470 7f6dcdb7da40             Options.max_background_compactions: -1
2023/10/31-14:20:25.768471 7f6dcdb7da40             Options.avoid_flush_during_shutdown: 0
2023/10/31-14:20:25.768471 7f6dcdb7da40           Options.writable_file_max_buffer_size: 1048576
2023/10/31-14:20:25.768472 7f6dcdb7da40             Options.delayed_write_rate : 16777216
2023/10/31-14:20:25.768473 7f6dcdb7da40             Options.max_total_wal_size: 0
2023/10/31-14:20:25.768473 7f6dcdb7da40             Options.delete_obsolete_files_period_micros: 21600000000
2023/10/31-14:20:25.768474 7f6dcdb7da40                   Options.stats_dump_period_sec: 600
2023/10/31-14:20:25.768475 7f6dcdb7da40                          Options.max_open_files: -1
2023/10/31-14:20:25.768475 7f6dcdb7da40                          Options.bytes_per_sync: 0
2023/10/31-14:20:25.768476 7f6dcdb7da40                      Options.wal_bytes_per_sync: 0
2023/10/31-14:20:25.768476 7f6dcdb7da40       Options.compaction_readahead_size: 0
2023/10/31-14:20:25.768477 7f6dcdb7da40 Compression algorithms supported:
2023/10/31-14:20:25.768478 7f6dcdb7da40 	kZSTDNotFinalCompression supported: 1
2023/10/31-14:20:25.768480 7f6dcdb7da40 	kZSTD supported: 1
2023/10/31-14:20:25.768481 7f6dcdb7da40 	kXpressCompression supported: 0
2023/10/31-14:20:25.768482 7f6dcdb7da40 	kLZ4HCCompression supported: 1
2023/10/31-14:20:25.768483 7f6dcdb7da40 	kLZ4Compression supported: 1
2023/10/31-14:20:25.768484 7f6dcdb7da40 	kBZip2Compression supported: 1
2023/10/31-14:20:25.768485 7f6dcdb7da40 	kZlibCompression supported: 1
2023/10/31-14:20:25.768487 7f6dcdb7da40 	kSnappyCompression supported: 1
2023/10/31-14:20:25.768488 7f6dcdb7da40 Fast CRC32 supported: Not supported on x86
2023/10/31-14:20:25.768579 7f6dcdb7da40 [db/version_set.cc:3406] Recovering from manifest file: MANIFEST-000014
2023/10/31-14:20:25.768604 7f6dcdb7da40 [db/column_family.cc:475] --------------- Options for column family [default]:
2023/10/31-14:20:25.768605 7f6dcdb7da40               Options.comparator: leveldb.BytewiseComparator
2023/10/31-14:20:25.768606 7f6dcdb7da40           Options.merge_operator: None
2023/10/31-14:20:25.768607 7f6dcdb7da40        Options.compaction_filter: None
2023/10/31-14:20:25.768608 7f6dcdb7da40        Options.compaction_filter_factory: None
2023/10/31-14:20:25.768608 7f6dcdb7da40         Options.memtable_factory: SkipListFactory
2023/10/31-14:20:25.768609 7f6dcdb7da40            Options.table_factory: BlockBasedTable
2023/10/31-14:20:25.768622 7f6dcdb7da40            table_factory options:   flush_block_policy_factory: FlushBlockBySizePolicyFactory (0x1a4f7f0)
  cache_index_and_filter_blocks: 0
  cache_index_and_filter_blocks_with_high_priority: 0
  pin_l0_filter_and_index_blocks_in_cache: 0
  pin_top_level_index_and_filter: 1
  index_type: 0
  hash_index_allow_collision: 1
  checksum: 1
  no_block_cache: 0
  block_cache: 0x1a43430
  block_cache_name: LRUCache
  block_cache_options:
    capacity : 8388608
    num_shard_bits : 4
    strict_capacity_limit : 0
    high_pri_pool_ratio: 0.000
  block_cache_compressed: (nil)
  persistent_cache: (nil)
  block_size: 4096
  block_size_deviation: 10
  block_restart_interval: 16
  index_block_restart_interval: 1
  metadata_block_size: 4096
  partition_filters: 0
  use_delta_encoding: 1
  filter_policy: nullptr
  whole_key_filtering: 1
  verify_compression: 0
  read_amp_bytes_per_bit: 0
  format_version: 2
  enable_index_compression: 1
  block_align: 0
2023/10/31-14:20:25.768627 7f6dcdb7da40        Options.write_buffer_size: 67108864
2023/10/31-14:20:25.768628 7f6dcdb7da40  Options.max_write_buffer_number: 2
2023/10/31-14:20:25.768629 7f6dcdb7da40          Options.compression: Snappy
2023/10/31-14:20:25.768630 7f6dcdb7da40                  Options.bottommost_compression: Disabled
2023/10/31-14:20:25.768631 7f6dcdb7da40       Options.prefix_extractor: nullptr
2023/10/31-14:20:25.768631 7f6dcdb7da40   Options.memtable_insert_with_hint_prefix_extractor: nullptr
2023/10/31-14:20:25.768632 7f6dcdb7da40             Options.num_levels: 7
2023/10/31-14:20:25.768632 7f6dcdb7da40        Options.min_write_buffer_number_to_merge: 1
2023/10/31-14:20:25.768633 7f6dcdb7da40     Options.max_write_buffer_number_to_maintain: 0
2023/10/31-14:20:25.768634 7f6dcdb7da40            Options.bottommost_compression_opts.window_bits: -14
2023/10/31-14:20:25.768634 7f6dcdb7da40                  Options.bottommost_compression_opts.level: 32767
2023/10/31-14:20:25.768635 7f6dcdb7da40               Options.bottommost_compression_opts.strategy: 0
2023/10/31-14:20:25.768636 7f6dcdb7da40         Options.bottommost_compression_opts.max_dict_bytes: 0
2023/10/31-14:20:25.768636 7f6dcdb7da40         Options.bottommost_compression_opts.zstd_max_train_bytes: 0
2023/10/31-14:20:25.768637 7f6dcdb7da40                  Options.bottommost_compression_opts.enabled: false
2023/10/31-14:20:25.768638 7f6dcdb7da40            Options.compression_opts.window_bits: -14
2023/10/31-14:20:25.768638 7f6dcdb7da40                  Options.compression_opts.level: 32767
2023/10/31-14:20:25.768639 7f6dcdb7da40               Options.compression_opts.strategy: 0
2023/10/31-14:20:25.768639 7f6dcdb7da40         Options.compression_opts.max_dict_bytes: 0
2023/10/31-14:20:25.768640 7f6dcdb7da40         Options.compression_opts.zstd_max_train_bytes: 0
2023/10/31-14:20:25.768641 7f6dcdb7da40                  Options.compression_opts.enabled: false
2023/10/31-14:20:25.768641 7f6dcdb7da40      Options.level0_file_num_compaction_trigger: 4
2023/10/31-14:20:25.768642 7f6dcdb7da40          Options.level0_slowdown_writes_trigger: 20
2023/10/31-14:20:25.768642 7f6dcdb7da40              Options.level0_stop_writes_trigger: 36
2023/10/31-14:20:25.768643 7f6dcdb7da40                   Options.target_file_size_base: 67108864
2023/10/31-14:20:25.768644 7f6dcdb7da40             Options.target_file_size_multiplier: 1
2023/10/31-14:20:25.768644 7f6dcdb7da40                Options.max_bytes_for_level_base: 268435456
2023/10/31-14:20:25.768645 7f6dcdb7da40 Options.level_compaction_dynamic_level_bytes: 0
2023/10/31-14:20:25.768646 7f6dcdb7da40          Options.max_bytes_for_level_multiplier: 10.000000
2023/10/31-14:20:25.768647 7f6dcdb7da40 Options.max_bytes_for_level_multiplier_addtl[0]: 1
2023/10/31-14:20:25.768648 7f6dcdb7da40 Options.max_bytes_for_level_multiplier_addtl[1]: 1
2023/10/31-14:20:25.768648 7f6dcdb7da40 Options.max_bytes_for_level_multiplier_addtl[2]: 1
2023/10/31-14:20:25.768649 7f6dcdb7da40 Options.max_bytes_for_level_multiplier_addtl[3]: 1
2023/10/31-14:20:25.768650 7f6dcdb7da40 Options.max_bytes_for_level_multiplier_addtl[4]: 1
2023/10/31-14:20:25.768650 7f6dcdb7da40 Options.max_bytes_for_level_multiplier_addtl[5]: 1
2023/10/31-14:20:25.768651 7f6dcdb7da40 Options.max_bytes_for_level_multiplier_addtl[6]: 1
2023/10/31-14:20:25.768652 7f6dcdb7da40       Options.max_sequential_skip_in_iterations: 8
2023/10/31-14:20:25.768655 7f6dcdb7da40                    Options.max_compaction_bytes: 1677721600
2023/10/31-14:20:25.768655 7f6dcdb7da40                        Options.arena_block_size: 8388608
2023/10/31-14:20:25.768656 7f6dcdb7da40   Options.soft_pending_compaction_bytes_limit: 68719476736
2023/10/31-14:20:25.768657 7f6dcdb7da40   Options.hard_pending_compaction_bytes_limit: 274877906944
2023/10/31-14:20:25.768658 7f6dcdb7da40       Options.rate_limit_delay_max_milliseconds: 100
2023/10/31-14:20:25.768658 7f6dcdb7da40                Options.disable_auto_compactions: 0
2023/10/31-14:20:25.768659 7f6dcdb7da40                        Options.compaction_style: kCompactionStyleLevel
2023/10/31-14:20:25.768660 7f6dcdb7da40                          Options.compaction_pri: kByCompensatedSize
2023/10/31-14:20:25.768661 7f6dcdb7da40 Options.compaction_options_universal.size_ratio: 1
2023/10/31-14:20:25.768662 7f6dcdb7da40 Options.compaction_options_universal.min_merge_width: 2
2023/10/31-14:20:25.768662 7f6dcdb7da40 Options.compaction_options_universal.max_merge_width: 4294967295
2023/10/31-14:20:25.768663 7f6dcdb7da40 Options.compaction_options_universal.max_size_amplification_percent: 200
2023/10/31-14:20:25.768664 7f6dcdb7da40 Options.compaction_options_universal.compression_size_percent: -1
2023/10/31-14:20:25.768665 7f6dcdb7da40 Options.compaction_options_universal.stop_style: kCompactionStopStyleTotalSize
2023/10/31-14:20:25.768665 7f6dcdb7da40 Options.compaction_options_fifo.max_table_files_size: 1073741824
2023/10/31-14:20:25.768666 7f6dcdb7da40 Options.compaction_options_fifo.allow_compaction: 0
2023/10/31-14:20:25.768666 7f6dcdb7da40 Options.compaction_options_fifo.ttl: 0
2023/10/31-14:20:25.768667 7f6dcdb7da40                   Options.table_properties_collectors: 
2023/10/31-14:20:25.768668 7f6dcdb7da40                   Options.inplace_update_support: 0
2023/10/31-14:20:25.768668 7f6dcdb7da40                 Options.inplace_update_num_locks: 10000
2023/10/31-14:20:25.768669 7f6dcdb7da40               Options.memtable_prefix_bloom_size_ratio: 0.000000
2023/10/31-14:20:25.768670 7f6dcdb7da40   Options.memtable_huge_page_size: 0
2023/10/31-14:20:25.768670 7f6dcdb7da40                           Options.bloom_locality: 0
2023/10/31-14:20:25.768671 7f6dcdb7da40                    Options.max_successive_merges: 0
2023/10/31-14:20:25.768672 7f6dcdb7da40                Options.optimize_filters_for_hits: 0
2023/10/31-14:20:25.768672 7f6dcdb7da40                Options.paranoid_file_checks: 0
2023/10/31-14:20:25.768673 7f6dcdb7da40                Options.force_consistency_checks: 0
2023/10/31-14:20:25.768674 7f6dcdb7da40                Options.report_bg_io_stats: 0
2023/10/31-14:20:25.768674 7f6dcdb7da40                               Options.ttl: 0
2023/10/31-14:20:25.768988 7f6dcdb7da40 [db/version_set.cc:3610] Recovered from manifest file:transaction-db/MANIFEST-000014 succeeded,manifest_file_number is 14, next_file_number is 16, last_sequence is 300, log_number is 0,prev_log_number is 0,max_column_family is 0,min_log_number_to_keep is 0
2023/10/31-14:20:25.768991 7f6dcdb7da40 [db/version_set.cc:3618] Column family [default] (ID 0), log number is 13
2023/10/31-14:20:25.769033 7f6dcdb7da40 EVENT_LOG_v1 {"time_micros": 1698742225769028, "job": 1, "event": "recovery_started", "log_files": [15]}
2023/10/31-14:20:25.769035 7f6dcdb7da40 [db/db_impl_open.cc:561] Recovering log #15 mode 2
2023/10/31-14:20:25.769068 7f6dcdb7da40 [db/version_set.cc:2936] Creating manifest 17
2023/10/31-14:20:25.790478 7f6dcdb7da40 EVENT_LOG_v1 {"time_micros": 1698742225790475, "job": 1, "event": "recovery_finished"}
2023/10/31-14:20:25.795906 7f6dcdb7da40 [db/db_impl_open.cc:1287] DB pointer 0x1a5a4e0
2023/10/31-14:20:25.800030 7f6dcdb7da40 [db/db_impl.cc:365] Shutdown: canceling all background work
2023/10/31-14:20:25.800227 7f6dcdb7da40 [db/db_impl.cc:521] Shutdown complete
